0.1
0.10473709
0.10969858
0.1148951
0.120337784
0.126038293
0.13200884
0.138262217
0.144811823
0.151671689
0.158856513
0.166381689
0.174263339
0.182518349
0.191164408
0.200220037
0.20970464
0.219638537
0.230043012
0.24094035600000002
0.252353917
0.264308149
0.27682866300000003
0.289942285
0.30367711199999997
0.31806256899999996
0.333129479
0.348910121
0.365438307
0.382749448
0.400880633
0.419870708
0.439760361
0.460592204
0.48241087
0.505263107
0.529197874
0.554266452
0.580522552
0.608022426
0.636824994
0.666991966
0.698587975
0.731680714
0.766341087
0.802643352
0.840665289
0.8804883579999999
0.9221978820000001
0.965883224
1.01163798
1.05956018
1.1097525
1.16232247
1.21738273
1.27505124
1.33545156
1.3987131
1.4649714
1.53436841
1.60705282
1.68318035
1.76291412
1.84642494
1.93389175
2.02550194
2.12145178
2.22194686
2.32720248
2.43744415
2.55290807
2.67384162
2.80050389
2.93316628
3.072113
3.21764175
3.37006433
3.5297073
3.69691271
3.87203878
4.05546074
4.24757155
4.44878283
4.65952567
4.88025158
5.11143348
5.35356668
5.60716994
5.87278661
6.15098579
6.44236351
6.74754405
7.06718127
7.40196
7.75259749
8.11984499
8.50448934
8.90735464
9.32930403
9.77124154
10.234114
10.7189132
11.226677699999998
11.7584955
12.315506
12.8989026
13.5099352
14.149913
14.8202071
15.522253599999999
16.2575567
17.0276917
17.834308800000002
18.679136
19.563983399999998
20.490746899999998
21.461412
22.4780583
23.5428641
24.6581108
25.8261876
27.0495973
28.330961
29.673024100000003
31.0786619
32.550886
34.09285070000001
35.7078596
37.399373
39.171014899999996
41.0265811
42.970046999999994
45.0055768
47.1375313
49.3704785
51.709202399999995
54.158713799999994
56.72426070000001
59.41133979999999
62.2257084
65.173396
68.2607183
71.49428990000001
74.8810386
78.42822059999999
82.1434358
86.0346442
90.1101825
94.3787828
98.8495905
103.532184
108.43659699999999
113.57333600000001
118.95340700000001
124.58833600000001
130.490198
136.671636
143.145894
149.926843
157.02901200000002
164.467618
172.258597
180.41864099999998
188.965234
197.91668700000002
207.292178
217.11179500000003
227.396575
238.16855499999997
249.450814
261.267523
273.644
286.606762
300.183581
314.403547
329.297126
344.89622599999996
361.23427000000004
378.346262
396.268864
415.04047599999996
434.701316
455.29350700000003
476.86117
499.450512
523.109931
547.8901179999999
573.8441650000001
601.027678
629.498899
659.3188269999999
690.551352
723.2633900000001
757.525026
793.409667
830.994195
870.3591359999999
911.58883
954.7716109999999
1000.0